A:
00110000
01111000
11001100
11001100
11111100
11001100
11001100
00000000

B:
11110000
11001100
11001100
11110000
11001100
11001100
11110000
00000000

C:
00110000
11001100
11000000
11000000
11000000
11001100
00110000
00000000

D:
11110000
11001100
11001100
11001100
11001100
11001100
11110000
00000000

E:
11111100
11000000
11000000
11111100
11000000
11000000
11111100
00000000

F:
11111100
11000000
11000000
11110000
11000000
11000000
11000000
00000000

G:
00110000
11001100
11000000
11000000
11011100
11001100
00110000
00000000

H:
11001100
11001100
11001100
11111100
11001100
11001100
11001100
00000000

I:
11111100
00110000
00110000
00110000
00110000
00110000
11111100
00000000

J:
11111100
00110000
00110000
00110000
00110000
00110000
11000000
00000000

K:
11000110
11001100
11011000
11110000
11011000
11001100
11000110
00000000

L:
11000000
11000000
11000000
11000000
11000000
11000000
11111100
00000000

M:
11000110
11101110
11111110
11010110
11000110
11000110
11000110
00000000

N:
11000110
11100110
11110110
11011110
11001110
11000110
11000110
00000000

O:
01111000
11001100
11001100
11001100
11001100
11001100
01111000
00000000

P:
11110000
11001100
11001100
11110000
11000000
11000000
11000000
00000000

Q:
01111000
11001100
11001100
11001100
11011100
01111000
00011100
00000000

R:
11111000
11001100
11001100
11111000
11001100
11001100
11001100
00000000

S:
01111000
11001100
11100000
01111000
00011100
11001100
01111000
00000000

T:
11111100
00110000
00110000
00110000
00110000
00110000
00110000
00000000

U:
11001100
11001100
11001100
11001100
11001100
01111000
00110000
00000000

V:
11000110
11000110
01101100
01101100
01101100
00111000
00111000
00000000

W:
11000110
11000110
11010110
11010110
11101110
11101110
11000110
00000000

X:
11000110
11000110
01101100
00111000
01101100
11000110
11000110
00000000

Y:
11001100
11001100
01111000
00110000
00110000
00110000
00110000
00000000

Z:
11111100
00001100
00011100
01111000
11100000
11000000
11111100
00000000

